time,x,y,z,phi,theta,psi,x_velocity,y_velocity,z_velocity,phi_velocity,theta_velocity,psi_velocity,rotor_speed1,rotor_speed2,rotor_speed3,rotor_speed4
0.06,-1.39535421732e-07,1.4032963781e-07,10.0019901945,0.000156578647841,0.000155819118272,0.0,-1.2646131587e-05,1.27134774648e-05,0.0663376614384,0.00737589887487,0.00734207046648,0.0,425.7984551052381,426.4259389566366,425.7444512828189,426.37490401542556
0.12000000000000001,-6.06084311427e-06,5.49493442054e-06,10.0078892331,0.000447798085954,0.00105149898429,0.0,-0.000252401733211,0.000201771013443,0.130291202975,-0.00073997918292,0.026908900135,0.0,424.9304393318611,426.6041148423513,425.2164117598452,424.5206325644874
0.18,-4.90711597211e-05,2.65936924213e-05,10.0187141348,0.000198385679119,0.00260460240559,0.0,-0.00134296245519,0.000487612575704,0.230522979437,-0.0120586474307,0.0237547589299,0.0,437.43286996951247,437.17032197249927,437.1729971090594,436.2291065396754
0.23999999999999996,-0.000189028040894,5.79759546218e-05,10.0356102654,6.28207969539,0.00371654267323,0.0,-0.00345493676031,0.000475330722912,0.332656083212,-0.0612065897318,0.00522794734272,0.0,438.911461539833,437.3713796939721,439.19612471629875,435.10098003940914
0.3,-0.000483426559663,4.56008074778e-05,10.0608771597,6.27796353248,0.00436817034927,0.0,-0.0064149700395,-0.00132114662921,0.50950972881,-0.0905690443099,0.0202460052268,0.0,459.59912567401256,460.78758093695575,462.533990418133,460.21238507530256
0.36000000000000004,-0.000963071004729,-0.000162348226441,10.0944369273,6.27234975149,0.00536245968734,0.0,-0.00968684689391,-0.00617251907993,0.609096315152,-0.100342030386,0.00796629520617,0.0,437.6254338934178,436.60218897805026,437.42647572299,436.60435644536375
0.4200000000000001,-0.00166449278637,-0.000794678662795,10.1352994886,6.26682014675,0.00619080702663,0.0,-0.0137664689156,-0.0155267380221,0.752896460169,-0.0794453908792,0.0234791282256,0.0,449.7085154125067,450.9630343627044,450.8435236145513,452.5212691711769
0.48000000000000015,-0.00264536690051,-0.00213908875899,10.1867501101,6.26163801488,0.00794157519119,0.0,-0.0191173002426,-0.029864982496,0.961959660917,-0.10614334485,0.0386584514375,0.0,469.84235329353004,471.0177660653798,472.36301995067765,470.29388449161036
0.5400000000000001,-0.00395868261543,-0.00438029033442,10.2465838732,6.25545819128,0.0108316554991,0.0,-0.0249183720179,-0.0454522276405,1.03242056341,-0.0973532412116,0.0624607149226,0.0,427.2964961512538,429.3220107271313,428.2104492366062,428.94776328230193
0.6000000000000002,-0.00570260650517,-0.0077288644461,10.3124511188,6.24998383499,0.0142114714985,0.0,-0.0335953685412,-0.0667636477209,1.16300695911,-0.0811949284709,0.0397937830315,0.0,448.92285559450886,447.08207746052983,446.73608113600886,448.0444629932375
0.6600000000000003,-0.00797640504426,-0.0123351081485,10.3821707563,6.24507223298,0.0166438868309,0.0,-0.0424075622317,-0.087202965187,1.1609640097,-0.0832236711403,0.0419925112135,0.0,405.41633180305644,405.6148460467735,404.1211454672217,403.9320846581195
0.7200000000000003,-0.0108918282951,-0.0184133154455,10.4558345009,6.24026488677,0.0190932973695,0.0,-0.0550368309954,-0.115921833704,1.29432504323,-0.0745504468829,0.0383772386465,0.0,449.30742070301415,449.0151086444067,448.34624891147854,449.0451602845681
0.7800000000000004,-0.0145778548522,-0.0262286997705,10.535478216,6.23572898602,0.0213175009279,0.0,-0.0680491292065,-0.145024578405,1.3603627892,-0.0777797907933,0.0343191139385,0.0,428.41690172941594,428.0724448023249,427.77606677390963,427.4962631618669
0.8400000000000004,-0.0191556428723,-0.036030892714,10.6222013345,6.23121743406,0.0236172777403,0.0,-0.0847855126977,-0.182220224208,1.53016149194,-0.0704665285982,0.0453371738262,0.0,460.07931715290476,460.95140940585367,460.5454688492085,461.11924875662595
0.9000000000000005,-0.0248413388829,-0.0482718063479,10.7211122377,6.22658670142,0.0265855857384,0.0,-0.105078916247,-0.226327269592,1.76649106007,-0.0960456716015,0.0566684938345,0.0,480.40190092520197,481.2615662201225,481.8974590346033,479.9556702584949
0.9600000000000005,-0.0317286004481,-0.0630850821058,10.8308006001,6.22077895904,0.0300365208679,0.0,-0.124852910654,-0.268047280826,1.88953957488,-0.0983384036782,0.05915744845,0.0,447.7833557926244,447.98802258498483,447.5933104943378,447.3987509721304
1.0200000000000005,-0.0399399684708,-0.0806559467041,10.9499167714,6.21549544781,0.0336301641152,0.0,-0.149262528215,-0.318266960955,2.08060752444,-0.0729023310634,0.0613273937849,0.0,469.1957881332665,469.36653708111453,467.5819482716582,469.5528929454276
1.0800000000000005,-0.0498591857734,-0.101673705454,11.0850945762,6.21059005938,0.0370405927431,0.0,-0.181848439315,-0.382901906318,2.42457986794,-0.112540189336,0.0458829950039,0.0,513.9163145165467,512.822204513331,514.4082193644441,511.5886649730187
1.1400000000000006,-0.0616532625442,-0.12638303521,11.2363467337,6.20410243707,0.0394149463735,0.0,-0.21157412447,-0.441475347994,2.61665296775,-0.100513139443,0.0223343367213,0.0,472.18053685230706,470.36105629026946,471.43286309705223,472.3516028209331
1.2000000000000006,-0.0752209740258,-0.154635645546,11.3976098027,6.19819659972,0.0407671683063,0.0,-0.240815922946,-0.500897817463,2.75837364839,-0.0945636674584,0.0229393303572,0.0,457.65626026182383,457.7044247149716,457.0101190156251,457.4760399502439
1.2600000000000007,-0.0906441701752,-0.186730329696,11.5690796234,6.19229207134,0.0423521676629,0.0,-0.273444441167,-0.569556371225,2.95670414644,-0.107483303207,0.0325937089284,0.0,475.476834505375,476.21597884271614,475.2681036630589,474.2691202062134
1.3200000000000007,-0.107868850057,-0.222665503712,11.7478596461,6.18567713294,0.0438998548593,0.0,-0.300877216612,-0.628886148183,3.00242135951,-0.116444101072,0.0065443095591,0.0,430.6043496499684,428.3951541996596,429.4156678392706,428.64355635324455
1.3800000000000008,-0.126838820714,-0.262456981123,11.9310640483,6.17864527178,0.0443890868869,0.0,-0.331488988095,-0.698187705851,3.10401616965,-0.118747611873,0.0111929650141,0.0,447.9869308201686,448.36465233788454,447.1301107262542,446.93017177837424
1.4400000000000008,-0.147538648194,-0.306272662731,12.117703139,6.17148643017,0.0451982248674,0.0,-0.358570849129,-0.762970249134,3.11714811191,-0.120470472117,0.0177162308174,0.0,419.6590900390675,420.224850500377,419.7269793822443,419.563685071119
1.5000000000000009,-0.170048964341,-0.354523880464,12.3087949272,6.16401649567,0.0469912900194,0.0,-0.391917480358,-0.846148119855,3.25206098449,-0.13409295229,0.0470481705841,0.0,457.4751739347899,459.8050872304088,460.03106820419083,458.9374308813753
1.560000000000001,-0.19456276349,-0.407821633871,12.5070454928,6.1558486232,0.0504508212862,0.0,-0.425524282897,-0.931238017822,3.35582133083,-0.140550377263,0.0731818038362,0.0,449.57003378377385,451.6847411257687,450.72831863162736,450.1892233066854
1.620000000000001,-0.221163980938,-0.466378763701,12.7113579144,6.14779799531,0.05504015591,0.0,-0.461627437102,-1.0214628805,3.45410455009,-0.123785287208,0.0823925435413,0.0,450.228258815779,450.97739436284587,448.4268078227942,449.77006826928994
1.680000000000001,-0.249983240026,-0.530399260398,12.9207106621,6.14021555524,0.0607904055617,0.0,-0.499534767867,-1.11325408535,3.52390669954,-0.132125298906,0.11425278201,0.0,440.5467330234183,443.18083510073126,442.25341492057015,441.5511929209658
1.740000000000001,-0.281126054382,-0.599913829714,13.1330800006,6.13256560044,0.0675038197126,0.0,-0.539179258803,-1.20459514007,3.55475583164,-0.119569638777,0.106693521945,0.0,429.5929479782757,428.9630191738814,430.576191314568,431.62166007230576
1.8000000000000012,-0.315136255898,-0.67584857245,13.3524875648,6.12588223453,0.0744367746177,0.0,-0.595238856429,-1.32726381101,3.75789343789,-0.0986785941896,0.129073225851,0.0,483.5097014078055,485.20334493336526,483.3223536213047,484.88422375897034
1.8600000000000012,-0.352494141728,-0.758908811038,13.5816016203,6.11970693245,0.0821756201719,0.0,-0.650809642076,-1.44197271156,3.87856197956,-0.11314356447,0.128795378463,0.0,461.7522205118129,461.7448352921124,461.62367555202985,460.4718278612266
1.9200000000000013,-0.393247593306,-0.848777858679,13.8166735367,6.11482987473,0.0899633810765,0.0,-0.708385014228,-1.55415543698,3.95662680121,-0.050401241498,0.131723750855,0.0,450.0314505932774,450.2836244057966,446.39679713793055,451.4807148712492
1.9800000000000013,-0.437731554644,-0.945682209257,14.0576557593,6.11168794987,0.0980110093821,0.0,-0.77521351419,-1.6762367052,4.07543051944,-0.0566138589807,0.138541562638,0.0,462.99436156983813,463.54623761832363,463.6947149329214,463.2046996483549
2.0400000000000014,-0.486334368032,-1.04986965188,14.3050834413,6.10806775578,0.106219344075,0.0,-0.84568457969,-1.79696696855,4.17152064329,-0.0690715634909,0.133090035719,0.0,458.6402233534225,458.22367734781426,457.6301028529083,456.63478833256846
2.1000000000000014,-0.539230602737,-1.16121099105,14.557283182,6.10412897331,0.114049380343,0.0,-0.918261671911,-1.91475464423,4.23459878549,-0.0595539964312,0.124747733494,0.0,449.23061404277075,448.5689767364139,448.22884690303005,448.99855985738986
2.1600000000000015,-0.597045968907,-1.28033055365,14.8167129845,6.10101722334,0.121537433579,0.0,-1.00968378215,-2.05613986546,4.41202299474,-0.0397520631887,0.124906876788,0.0,484.48055874793243,484.50526699835655,484.6333833293017,486.1180225767752
2.2200000000000015,-0.660000840259,-1.4072376965,15.0825957357,6.09868995034,0.129263596408,0.0,-1.08949884582,-2.17429167359,4.45028727472,-0.0369265298261,0.135544017917,0.0,443.4747504623533,444.36283018806915,444.2141163397648,444.44504371644626
2.2800000000000016,-0.727257086676,-1.54039088079,15.3459710995,6.09621830196,0.137437681447,0.0,-1.15300599341,-2.26441444905,4.32913058223,-0.051495319705,0.137580134899,0.0,390.77766227000825,390.987384494772,390.36636947769387,389.003053143702
2.3400000000000016,-0.79975440131,-1.68074521522,15.6112702327,6.09336876413,0.145743690382,0.0,-1.26440706266,-2.41425056436,4.51300550483,-0.0404967206718,0.140085956053,0.0,489.1306129401475,489.3330488922845,489.5051550283533,490.3218576986749
2.4000000000000017,-0.878727982799,-1.82964106412,15.8848667784,6.09048341839,0.154526694481,0.0,-1.36884976654,-2.54912513751,4.606080759,-0.0710414435632,0.156672408154,0.0,464.02644693081635,465.3456745849601,465.56394109913185,463.1659900320978
2.4600000000000017,-0.964212455704,-1.98677045295,16.1643512302,6.08628974192,0.163459070881,0.0,-1.48149705175,-2.68884985126,4.70912221416,-0.0676954103715,0.124872730352,0.0,470.1214285596805,467.6695189474006,469.6958612662695,469.9518894290441
2.520000000000002,-1.05590380567,-2.15150834824,16.445632019,6.08219587259,0.170860940319,0.0,-1.57550424702,-2.80278241823,4.66667963645,-0.0693241913428,0.120166614865,0.0,423.91993398647566,423.5298833811841,424.78330202553866,424.6398356308037
2.580000000000002,-1.15342270527,-2.32322952962,16.7246726276,6.07833881422,0.17803520628,0.0,-1.67573066984,-2.92161761969,4.6343821848,-0.0557454586051,0.118353862802,0.0,428.98251569126217,428.8419740524727,426.91678868946144,428.07075342630293
2.640000000000002,-1.2579434179,-2.50312383726,17.0063912271,6.07512131146,0.185673799638,0.0,-1.80895294778,-3.07508139789,4.75516406288,-0.0496912059639,0.140951183948,0.0,476.932987824284,478.669267429103,477.9554020386401,478.4149770538443
2.700000000000002,-1.36954418247,-2.69111350475,17.2896870436,6.07279260155,0.194044453707,0.0,-1.91176661966,-3.19151535184,4.68788063056,-0.022996394404,0.136466156971,0.0,419.2126715260244,418.84205272530886,418.26303808936837,420.5808971646977
2.760000000000002,-1.48799883611,-2.88671372991,17.5716116928,6.07133952985,0.201936609817,0.0,-2.03741290539,-3.32860879038,4.70901764126,-0.0267797719097,0.119204891221,0.0,450.5256667086938,449.14310888012534,448.91633587578207,448.60910839481147
2.820000000000002,-1.61356828279,-3.08999599938,17.8520433074,6.06975732972,0.209116694131,0.0,-2.14883814487,-3.44768349366,4.63857534091,-0.0255629198885,0.120577830887,0.0,420.3210082952869,420.45379159199365,419.090532716201,419.19611702780287
2.880000000000002,-1.74582139918,-3.30034294698,18.1276521382,6.0682956821,0.216035726032,0.0,-2.26019916794,-3.56411231022,4.5483423571,-0.0220591440054,0.101900500341,0.0,413.19389449728544,411.556510152536,413.6982541338541,414.0065853639854
2.940000000000002,-1.88564019658,-3.51846528913,18.4012398239,6.06684255089,0.221987806871,0.0,-2.40093119582,-3.70676204602,4.5706295555,-0.0289312622294,0.0931728635549,0.0,451.5663162540771,450.8698818791013,451.9827375273887,451.42838209449917
3.000000000000002,-2.03502387303,-3.74614431328,18.6804425648,6.06563801919,0.227426945029,0.0,-2.57893096952,-3.88254257454,4.73474453043,-0.00654253068099,0.0850675192952,0.0,497.8297247892954,497.2421107505679,495.25314373433616,496.8974058675735
3.0600000000000023,-2.19363925865,-3.98294446501,18.9628033684,6.06503965359,0.232313687106,0.0,-2.7086950058,-4.01094854696,4.67708714535,-0.0179100543559,0.0729919918698,0.0,429.4143234222213,428.3941062531699,429.7052551064629,428.74043412886243
3.1200000000000023,-2.36065724128,-4.22796771066,19.2438441879,6.06367881947,0.236372923169,0.0,-2.85891572315,-4.1566323906,4.69034110023,-0.0345192026748,0.0539683122789,0.0,454.03370099396614,452.5078225654034,453.9230169347307,452.58786699761947
3.1800000000000024,-2.53707770594,-4.48206158714,19.5268783959,6.0618123715,0.239347676515,0.0,-3.02197724876,-4.31333726367,4.74329588907,-0.0250347666126,0.0389164591394,0.0,468.22588931890715,467.05457316330865,466.6374861907138,467.37711817136534
3.2400000000000024,-2.72273780477,-4.74506768014,19.8106045275,6.05978985137,0.241529634456,0.0,-3.16690810134,-4.45376901516,4.71387101675,-0.0631684677733,0.0307042260886,0.0,441.5861538327608,440.90865565753086,444.8810985164762,441.7462011991387
3.3000000000000025,-2.9170594206,-5.01649293426,20.0921890837,6.05566529138,0.243157471517,0.0,-3.31066021165,-4.59415726686,4.67189448362,-0.0832417952964,0.0188045294377,0.0,439.5024013488564,438.5149813327959,439.7917084091143,438.12173988950616
3.3600000000000025,-3.11980339953,-5.29621804511,20.3702504905,6.0505437908,0.244064799867,0.0,-3.44763743215,-4.73053749059,4.59657857888,-0.0899651246956,0.00649497180208,0.0,429.2345764551028,428.18832514034045,428.5672929226618,427.98899765537374
3.4200000000000026,-3.3315315733,-5.58491835647,20.6466166185,6.04534994321,0.244295636407,0.0,-3.60995793086,-4.89330738466,4.61484106815,-0.0805112080543,-0.00205810723602,0.0,461.0422150499863,460.36573655002496,459.6449745365026,460.3877917500386
3.4800000000000026,-3.55331656646,-5.88378911756,20.925175917,6.04052248399,0.244440191952,0.0,-3.78279127637,-5.0694968757,4.66946819152,-0.0803508260537,0.010110623351,0.0,472.5668861634372,473.50411542243165,474.19066099347424,474.19821716046914
3.5400000000000027,-3.78604128693,-6.19388301248,21.209070813,6.03604848924,0.244925260814,0.0,-3.97456685039,-5.26733688753,4.79223279745,-0.0649742462457,0.0036883500093,0.0,497.67185714961056,497.2013464035008,495.33638741624964,496.4622984902129
3.6000000000000028,-4.02949942847,-6.51518618212,21.4971516204,6.03228675586,0.244707628533,0.0,-4.14068412453,-5.44316347794,4.80963753868,-0.0584904997111,-0.0252260950341,0.0,467.5403024113264,465.2815969239959,467.33687918016034,467.83946140978844
3.660000000000003,-4.28191597139,-6.84612531466,21.7822498914,6.02860819071,0.243642408627,0.0,-4.27330702639,-5.58866944752,4.69365859778,-0.06764245451,-0.00591684221063,0.0,423.1216971093832,424.7812572911021,424.44522370569064,423.65591550288343
3.720000000000003,-4.54246256762,-7.18605254157,22.060956772,6.02414931946,0.243434139088,0.0,-4.4117186874,-5.74278604362,4.59639751646,-0.0930123265131,0.0010195410458,0.0,430.14523003962364,430.7324617243571,431.83993996398823,429.6891798943684
3.780000000000003,-4.81238312397,-7.53641994606,22.3378284741,6.01874477876,0.243995586105,0.0,-4.58561038416,-5.93664692185,4.63155503951,-0.0847721059421,0.0222703402793,0.0,473.8896668752246,475.5206507504783,474.84898068497137,475.47459304710134
3.840000000000003,-5.09214300736,-7.89789231493,22.6142700447,6.01336071496,0.24541195186,0.0,-4.73989888686,-6.11299650524,4.5825217793,-0.102174367154,0.0261517642723,0.0,449.68866214279865,450.0030979541318,450.9547407811316,449.539678604057
3.900000000000003,-5.38114135448,-8.27000504179,22.8874181984,6.00704038274,0.24697128844,0.0,-4.89358134214,-6.29140157636,4.52175327263,-0.112561030644,0.02566134092,0.0,448.582237855055,448.54252526083815,447.1529143524142,446.2960312875682
3.960000000000003,-5.67916977173,-8.65270345875,23.1558987813,6.00001850022,0.248814139307,0.0,-5.04095236382,-6.46592256132,4.42707544422,-0.127930862591,0.0392740481577,0.0,436.9602570773953,438.0942419531005,438.46031715871675,437.1684866545463
4.020000000000002,-5.98546890838,-9.04533010443,23.4162249617,5.99234056368,0.250874212037,0.0,-5.1694058779,-6.6224471163,4.25037493805,-0.128035119172,0.0219597552372,0.0,410.2606499842057,408.7205215759727,410.06145324132746,410.0357296143258
4.080000000000001,-6.29893897008,-9.44682806578,23.6636471025,5.98466659534,0.252974408117,0.0,-5.28006690632,-6.76170790456,3.99740393871,-0.127629832046,0.0530375179582,0.0,378.70048571076035,381.6798249645784,381.33203005126273,381.3528538973221
4.14,-6.62137840761,-9.85940382263,23.9041780683,5.97673584939,0.256161246224,0.0,-5.46811685933,-6.9914929448,4.01874415408,-0.143316999233,0.0532663760667,0.0,476.97457806687584,476.9936968765589,478.1629696267231,476.9511912912999
4.199999999999998,-6.95418566536,-10.2848044937,24.1422017866,5.96784815953,0.259241789502,0.0,-5.62579242376,-7.18935645915,3.9145427552,-0.160077702929,0.0471879991885,0.0,438.30119212990695,437.7973101975885,440.67043502639126,439.26125265524405
4.259999999999997,-7.29740215519,-10.723284167,24.3769559409,5.95894986717,0.262164837414,0.0,-5.81493384111,-7.42741261629,3.90898690546,-0.1315600379,0.05161228762,0.0,474.33346353406216,474.67448782441346,472.58190715998,474.75572783766125
4.319999999999996,-7.65133128702,-11.1753941154,24.6086763674,5.95137866737,0.266277974459,0.0,-5.983062049,-7.64368496638,3.81400780503,-0.117174408069,0.0900852268589,0.0,445.95822621266245,449.093815642088,447.4982640017426,448.6535821109731
4.379999999999995,-8.01577937142,-11.641047021,24.8356880798,5.94440849421,0.272331240126,0.0,-6.16565913935,-7.87873718389,3.75166492371,-0.114233748229,0.116614087408,0.0,460.6285926694384,462.73039856855644,460.8547666713698,461.0756643526105
4.439999999999993,-8.39169302656,-12.1214228195,25.0600547695,5.93829951174,0.278812492664,0.0,-6.36527745523,-8.13433994716,3.7254659523,-0.0844102001384,0.079173563175,0.0,477.90636349923614,475.05199147988225,475.283928911324,477.5561113566751
4.499999999999992,-8.77887777674,-12.6163070855,25.2799092381,5.93345283703,0.283735624282,0.0,-6.54135588245,-8.36248232341,3.60207619779,-0.0743593721064,0.0872609760542,0.0,447.17150540045617,447.83541472085216,446.9746250024084,447.78798364399853
4.559999999999991,-9.17677335161,-13.1250721307,25.4923198286,5.92920533163,0.289213315323,0.0,-6.72234074687,-8.59701390487,3.47728420612,-0.0644743560197,0.0983353047338,0.0,448.43166518064015,449.3374883698774,449.08263092267345,449.8801720645672
4.6199999999999894,-9.58511120394,-13.6474330555,25.69539464,5.92539601206,0.295849976859,0.0,-6.8895629001,-8.81578322878,3.29124412488,-0.0615876230197,0.12787410383,0.0,429.04518792036714,431.55742801617976,429.09103612936747,429.3330254135616
4.679999999999988,-10.0031146683,-14.1824981586,25.8856322526,5.92212348497,0.303180415161,0.0,-7.04464661144,-9.02059413481,3.04967609445,-0.0432563581878,0.107238892648,0.0,411.50746728193474,409.6906804019334,409.96629895069844,411.59009652969985
4.739999999999987,-10.4306057799,-14.7300643856,26.0614009227,5.91936898664,0.30967583611,0.0,-7.20579871282,-9.23251064491,2.80895867178,-0.0518217454162,0.110217584061,0.0,411.21306376927754,411.48827492851484,412.6597883097073,411.90128358381537
4.799999999999986,-10.8699922339,-15.292832274,26.2286903878,5.91610052598,0.316000672652,0.0,-7.44088426118,-9.52689656681,2.76545430008,-0.0603889724995,0.0934819461914,0.0,483.0714991067763,481.816140915654,483.00806555789376,482.3595932897881
4.859999999999984,-11.320647429,-15.8701598124,26.384662496,5.91254817757,0.321529644392,0.0,-7.58179938511,-9.71854122089,2.43378459562,-0.0569396429268,0.089344039575,0.0,381.70868098827543,381.3221054890774,380.78099171535564,381.1078643366846
4.919999999999983,-11.7821657794,-16.4616570424,26.5270007469,5.90892710439,0.327054658337,0.0,-7.80265525623,-9.99877449126,2.30936669782,-0.0682340521933,0.0970624465047,0.0,459.29954915537087,459.9182786746902,459.87489001920466,458.97660623587046
4.979999999999982,-12.2559369307,-17.068935155,26.6585549321,5.90485737445,0.333641936674,0.0,-7.99041970297,-10.2448426706,2.07494271789,-0.0670308688377,0.127500718714,0.0,422.0005848079642,424.6315771142531,423.35065714767615,423.4505050873161
5.0399999999999805,-12.7419894378,-17.692105653,26.7781822022,5.90134841422,0.340828955657,0.0,-8.21197609142,-10.528345663,1.91110834754,-0.045320467966,0.0962101482112,0.0,452.99608418266143,450.48419850324416,450.4094200511832,452.15992574222463
